tileset.png 7 38 38
20 20
4   4444444444444444    4   4  4
4   1111444441111444    4   4  4
4   4111114444111111    4   4  4
4   4111111144411111    1   1  4
4   4111111144411111    1   1  4
4   1111114444111111    4   4  4
4   1111111444411111    1   1  4
4   4111111444411111    1   1  4
4   4111111444411111    1   1  4
4   4444444444444444    4   4  4
4   4444444444444444    4   4  4
4   1111444441111444    4   4  4
4   4111114444111111    4   4  4
4   4111111144411111    1   1  4
4   4111111144411111    1   1  4
4   1111114444111111    4   4  4
4   1111111444411111    1   1  4
4   4111111444411111    1   1  4
4   4111111444411111    1   1  4
4   4444444444444444    4   4  4
